# Exact ground state obtained by ED 
#
#   Total Enegy =  -14.604373635749 
# 
# Wave function psi(x) 
  0.007469660604
  0.034742089201
  0.054544857194
  0.034742089201
  0.007469660604
  0.054544857194
  0.164406279393
  0.137133850796
  0.034742089201
  0.090058654205
  0.164406279393
  0.054544857194
  0.054544857194
  0.034742089201
  0.007469660604
  0.034742089201
  0.137133850796
  0.164406279393
  0.054544857194
  0.164406279393
  0.398296737187
  0.164406279393
  0.164406279393
  0.137133850796
  0.034742089201
  0.054544857194
  0.164406279393
  0.090058654205
  0.137133850796
  0.164406279393
  0.054544857194
  0.034742089201
  0.054544857194
  0.034742089201
  0.007469660604
  0.007469660604
  0.034742089201
  0.054544857194
  0.034742089201
  0.054544857194
  0.164406279393
  0.137133850796
  0.090058654205
  0.164406279393
  0.054544857194
  0.034742089201
  0.137133850796
  0.164406279393
  0.164406279393
  0.398296737187
  0.164406279393
  0.054544857194
  0.164406279393
  0.137133850796
  0.034742089201
  0.007469660604
  0.034742089201
  0.054544857194
  0.054544857194
  0.164406279393
  0.090058654205
  0.034742089201
  0.137133850796
  0.164406279393
  0.054544857194
  0.007469660604
  0.034742089201
  0.054544857194
  0.034742089201
  0.007469660604
