# system size, dimension of Hilbert space (total_Sz=0 sector) 
      8           70
# list of spin configurations
  -1  -1  -1  -1   1   1   1   1
  -1  -1  -1   1  -1   1   1   1
  -1  -1  -1   1   1  -1   1   1
  -1  -1  -1   1   1   1  -1   1
  -1  -1  -1   1   1   1   1  -1
  -1  -1   1  -1  -1   1   1   1
  -1  -1   1  -1   1  -1   1   1
  -1  -1   1  -1   1   1  -1   1
  -1  -1   1  -1   1   1   1  -1
  -1  -1   1   1  -1  -1   1   1
  -1  -1   1   1  -1   1  -1   1
  -1  -1   1   1  -1   1   1  -1
  -1  -1   1   1   1  -1  -1   1
  -1  -1   1   1   1  -1   1  -1
  -1  -1   1   1   1   1  -1  -1
  -1   1  -1  -1  -1   1   1   1
  -1   1  -1  -1   1  -1   1   1
  -1   1  -1  -1   1   1  -1   1
  -1   1  -1  -1   1   1   1  -1
  -1   1  -1   1  -1  -1   1   1
  -1   1  -1   1  -1   1  -1   1
  -1   1  -1   1  -1   1   1  -1
  -1   1  -1   1   1  -1  -1   1
  -1   1  -1   1   1  -1   1  -1
  -1   1  -1   1   1   1  -1  -1
  -1   1   1  -1  -1  -1   1   1
  -1   1   1  -1  -1   1  -1   1
  -1   1   1  -1  -1   1   1  -1
  -1   1   1  -1   1  -1  -1   1
  -1   1   1  -1   1  -1   1  -1
  -1   1   1  -1   1   1  -1  -1
  -1   1   1   1  -1  -1  -1   1
  -1   1   1   1  -1  -1   1  -1
  -1   1   1   1  -1   1  -1  -1
  -1   1   1   1   1  -1  -1  -1
   1  -1  -1  -1  -1   1   1   1
   1  -1  -1  -1   1  -1   1   1
   1  -1  -1  -1   1   1  -1   1
   1  -1  -1  -1   1   1   1  -1
   1  -1  -1   1  -1  -1   1   1
   1  -1  -1   1  -1   1  -1   1
   1  -1  -1   1  -1   1   1  -1
   1  -1  -1   1   1  -1  -1   1
   1  -1  -1   1   1  -1   1  -1
   1  -1  -1   1   1   1  -1  -1
   1  -1   1  -1  -1  -1   1   1
   1  -1   1  -1  -1   1  -1   1
   1  -1   1  -1  -1   1   1  -1
   1  -1   1  -1   1  -1  -1   1
   1  -1   1  -1   1  -1   1  -1
   1  -1   1  -1   1   1  -1  -1
   1  -1   1   1  -1  -1  -1   1
   1  -1   1   1  -1  -1   1  -1
   1  -1   1   1  -1   1  -1  -1
   1  -1   1   1   1  -1  -1  -1
   1   1  -1  -1  -1  -1   1   1
   1   1  -1  -1  -1   1  -1   1
   1   1  -1  -1  -1   1   1  -1
   1   1  -1  -1   1  -1  -1   1
   1   1  -1  -1   1  -1   1  -1
   1   1  -1  -1   1   1  -1  -1
   1   1  -1   1  -1  -1  -1   1
   1   1  -1   1  -1  -1   1  -1
   1   1  -1   1  -1   1  -1  -1
   1   1  -1   1   1  -1  -1  -1
   1   1   1  -1  -1  -1  -1   1
   1   1   1  -1  -1  -1   1  -1
   1   1   1  -1  -1   1  -1  -1
   1   1   1  -1   1  -1  -1  -1
   1   1   1   1  -1  -1  -1  -1
